10027
10430
11057
11637
11700
11947
12132
12608
13525
14833
15494
15641
15746
18725
19303
21183
23155
24358
26514
28796
31086
31390
33082
33328
34754
34772
35018
35519
35858
36113
37305
37375
38824
41278
41281
42942
43108
44238
46003
48257
54273
55964
61941
66684
67266
69107
72798
72844
73746
76022
76201
76469
77917
78373
79909
82429
82662
85297
87204
87754
89754
90667
91281
96736
100487
102491
107469
107921
109457
109939
111573
113188
115496
122124
125601
127649
133120
133301
138497
138965
140179
140702
141125
143251
144439
146974
147748
150200
150286
152939
153221
154493
161084
163187
164439
168129
168820
171108
171368
172770
173741
174139
175001
176014
176513
176739
177707
179877
180704
182777
184968
185404
186064
188438
189457
189591
191128
191516
193348
194115
196458
197587
197595
197706
198713
199447
201299
201587
202378
203593
203925
203936
205923
206958
207110
207194
207743
209758
212335
217511
221506
223319
223732
223889
225524
225597
226728
229594
232710
234733
234928
235055
236376
239158
242077
243468
243819
243822
248592
250576
250584
250593
251325
253360
257630
258312
277248
283254
300864
308927
309644
311086
316869
317246
321895
322805
327359
378462
401740
405298
407054
409710
423685
426477
428743
429990
437384
446325
453664
459787
464396
472290
480928
481692
485463
493336
508278
513669
523401
525499
525653
531890
535845
541024
542528
542558
561677
562678
566160
568658
574493
578921
584086
589935
593410
611144
611251
612307
643815
657200
661549
704580
709921
711927
716138
721391
730971
778166
786893
807109
815667
821278
839703
855819
883483
913288
916150
942872
945373
975536
976549
980604
989078
995723
995755
999497
1016441
1067849
1068618
1125026
1156868
1179940
1180742
1180750
1185672
1185931
1196446
1197610
1204896
1222802
1222833
1222846
1222848
1222896
1222905
1222922
1222942
1226806
1235237
1237682
1240177
1244005
1246984
1253285
1253700
1264675
1269878
1270232
1272293
1277652
1294399
1314966
1322344
1355687
1364866
1372684
1380669
1399374
1415888
1419762
1420774
1479469
1500736
1504693
1525602
1525692
1544371
1556952
1615289
1634846
1642830
1643115
1706058
1707527
1739529
1757387
1757597
1757869
1763710
1805627
1863427
1928009
1949296
1953361
1954363
2455132
2521834
2546459
2627954
2668736
2759878
2791290
2810856
2971961
3203347
3217178
3250558
3271274
3361299
3382921
3440724
3440798
3441212
3672716
4002752
4031665
4036458
4071409
4162379
4210242
13468216
13967508
14090587
18783860
18800338
20153939
21091528
21121017
36320115
36502836
36680731
36695209
36702919
36708212
36954142
37112562
37114076
37323512
37323842
37325339
37325739
37326481
37353453
37528919
37530556
37749198
37828920
37912871
37919722
38391562
38781360
40611824
40644896
41855072
41952962
42736792
43015231
43107333
43430373
43474176
43586333
43836300
43871208
44394582
44412796
45217931
45564840
45709528
45726433
45726462
45726487
45726525
49176211
